t_test_p=0.135701
ks_p=0.309541
cohen_d=-0.5001
